x*x+2x+4
4.0
4.21
4.44
4.69
4.96
5.25
5.5600000000000005
5.890000000000001
6.24
6.61
7.0
7.41
7.840000000000001
8.29
8.760000000000002
9.25
9.760000000000002
10.290000000000001
10.84
11.41
12.0
12.61
13.240000000000002
13.89
14.560000000000002
15.25
15.96
16.69
17.44
18.21
19.0
19.810000000000002
20.64
21.490000000000002
22.360000000000003
23.25
24.16
25.090000000000003
26.040000000000003
27.010000000000005
28.0
29.010000000000005
30.04
31.089999999999996
32.160000000000004
33.25
34.36000000000001
35.49
36.64000000000001
37.81
39.0
40.21000000000001
41.440000000000005
42.69000000000001
43.96000000000001
45.25
46.56000000000001
47.89
49.24000000000001
50.61
52.0
53.41000000000001
54.84
56.29000000000001
57.760000000000005
59.25
60.76000000000001
62.29
63.84000000000001
65.41000000000001
67.0
68.61000000000001
70.24000000000001
71.89000000000001
73.56
75.25
76.96000000000001
78.69000000000001
80.44000000000001
82.21000000000001
84.0
85.81
87.64000000000003
89.49000000000001
91.36
93.25
95.16
97.09000000000002
99.04000000000002
101.01
103.0
105.00999999999999
107.04000000000002
109.09
111.16000000000001
113.25
115.36000000000003
117.49000000000002
119.64000000000001
121.81
124.0
126.21000000000004
128.44000000000003
130.69000000000003
132.96
135.25
137.56000000000003
139.89000000000001
142.24
144.61
147.0
149.41000000000003
151.84000000000003
154.29000000000002
156.76000000000002
159.25
161.76000000000005
164.29000000000002
166.84
169.41000000000003
172.0
174.61
177.24000000000004
179.89000000000001
182.56000000000003
185.25
187.96000000000004
190.69000000000003
193.44000000000003
196.21
199.0
201.81000000000006
204.64000000000004
207.49
210.36
213.25
216.16000000000003
219.09000000000003
222.04000000000002
225.01000000000002
228.0
231.01000000000005
234.04000000000005
237.09
240.16000000000003
243.25
246.36000000000007
249.49000000000004
252.64000000000001
255.81000000000003
259.0
262.21000000000004
265.44
268.69000000000005
271.96000000000004
275.25
278.56000000000006
281.89000000000004
285.24
288.61
292.0
295.41
298.84
302.29
305.7600000000001
309.25
312.76000000000005
316.28999999999996
319.84000000000003
323.4100000000001
327.0
330.61
334.23999999999995
337.89000000000004
341.56000000000006
345.25
348.96000000000004
352.68999999999994
356.44000000000005
360.2100000000001
364.0
367.81000000000006
371.63999999999993
375.49000000000007
379.36000000000007
383.25
387.16
391.09
395.0400000000001
399.0100000000001
403.0
407.01000000000005
411.0400000000001
415.09000000000003
419.1600000000001
423.25
427.36000000000007
431.4900000000001
435.64000000000004
439.8100000000001
444.0
448.21000000000004
452.44000000000017
456.69000000000005
460.9600000000001
465.25
469.56000000000006
473.8900000000001
478.24000000000007
482.6100000000001
487.0
491.41
495.84000000000015
500.2900000000001
504.7600000000001
509.25
513.76
518.2900000000001
522.84
527.4100000000001
532.0
536.6100000000001
541.2400000000001
545.89
550.5600000000001
555.25
559.96
564.69
569.44
574.21
579.0
583.8100000000001
588.6400000000001
593.49
598.36
603.25
608.1600000000001
613.0900000000001
618.0400000000001
623.0100000000001
628.0
633.0100000000001
638.0400000000001
643.09
648.1600000000001
653.25
658.3600000000001
663.4900000000001
668.6400000000001
673.8100000000001
679.0
684.2100000000002
689.4400000000002
694.69
699.96
705.25
710.5600000000002
715.8900000000001
721.24
726.61
732.0
737.4100000000001
742.8400000000001
748.2900000000001
753.7600000000001
759.25
764.7600000000001
770.2900000000001
775.84
781.4100000000001
787.0
792.6100000000001
798.2400000000001
803.8900000000001
809.5600000000001
815.25
820.9600000000002
826.6900000000002
832.44
838.21
844.0
849.8100000000002
855.6400000000001
861.49
867.3600000000001
873.25
879.1600000000001
885.0900000000001
891.0400000000001
897.0100000000001
903.0
909.0100000000001
915.0400000000002
921.09
927.1600000000001
933.25
939.3600000000001
945.4900000000001
951.6400000000001
957.8100000000001
964.0
970.2100000000002
976.4400000000002
982.69
988.96
995.25
1001.5600000000002
1007.8900000000001
1014.2400000000001
1020.6100000000001
1027.0
1033.41
1039.8400000000001
1046.29
1052.7600000000002
1059.25
1065.76
1072.2900000000002
1078.84
1085.41
1092.0
1098.6100000000001
1105.2400000000002
1111.89
1118.56
1125.25
1131.96
1138.6900000000003
1145.4400000000003
1152.2099999999998
1159.0
1165.8100000000002
1172.6400000000003
1179.4900000000002
1186.36
1193.25
1200.16
1207.0900000000004
1214.0400000000002
1221.0099999999998
1228.0
1235.0100000000002
1242.0400000000002
1249.0900000000001
1256.1599999999999
1263.25
1270.3600000000001
1277.4900000000002
1284.64
1291.81
1299.0
1306.21
1313.4400000000003
1320.6900000000003
1327.9599999999998
1335.25
1342.5600000000002
1349.8900000000003
1357.2400000000002
1364.61
1372.0
1379.41
1386.8400000000004
1394.2900000000002
1401.7599999999998
1409.25
1416.7600000000002
1424.2900000000002
1431.8400000000001
1439.4099999999999
1447.0
1454.6100000000001
1462.2400000000002
1469.8900000000003
1477.56
1485.25
1492.9600000000003
1500.6900000000003
1508.4400000000003
1516.2099999999998
1524.0
1531.8100000000002
1539.6400000000003
1547.4900000000002
1555.3600000000004
1563.25
1571.16
1579.0900000000004
1587.0400000000002
1595.0100000000004
1603.0
1611.0100000000002
1619.0400000000004
1627.0900000000001
1635.1600000000003
1643.25
1651.3600000000001
1659.4900000000002
1667.6400000000003
1675.8100000000004
1684.0
1692.2100000000003
1700.4400000000003
1708.6900000000003
1716.9600000000005
1725.25
1733.5600000000002
1741.8900000000003
1750.2400000000002
1758.6100000000004
1767.0
1775.41
1783.8400000000004
1792.2900000000002
1800.7600000000004
1809.25
1817.7600000000002
1826.2900000000004
1834.8400000000004
1843.4100000000005
1852.0
1860.6100000000001
1869.2400000000002
1877.8900000000003
1886.5600000000004
1895.25
1903.9600000000003
1912.6900000000003
1921.4400000000003
1930.2100000000005
1939.0
1947.8100000000002
1956.6400000000003
1965.4900000000002
1974.3600000000004
1983.25
1992.16
2001.0900000000004
2010.0400000000002
2019.0100000000004
2028.0
2037.0100000000002
2046.0400000000004
2055.0900000000006
2064.1600000000008
2073.25
2082.36
2091.4900000000002
2100.6400000000003
2109.8100000000004
2119.0
2128.21
2137.44
2146.6900000000005
2155.9600000000005
2165.25
2174.56
2183.8900000000003
2193.2400000000002
2202.6100000000006
2212.0
2221.41
2230.84
2240.2900000000004
2249.7600000000007
2259.25
2268.7599999999998
2278.2900000000004
2287.84
2297.4100000000008
2307.0
2316.61
2326.2400000000002
2335.8900000000003
2345.560000000001
2355.25
2364.96
2374.6900000000005
2384.4400000000005
2394.210000000001
2404.0
2413.81
2423.6400000000003
2433.4900000000002
2443.3600000000006
2453.25
2463.16
2473.09
2483.0400000000004
2493.0100000000007
2503.0
2513.0099999999998
2523.0400000000004
2533.09
2543.1600000000008
2553.25
2563.36
2573.4900000000002
2583.6400000000003
2593.810000000001