[7, 7, 5, 8, 6, 4, 9, 6, 5, 10, 12]
[4, 8, 5, 8, 4, 7, 12]
[7, 7, 9, 10, 5, 9, 4, 8, 2, 8, 9, 12]
[5, 9, 9, 9, 3, 6, 6, 5, 7, 10, 7, 9, 7, 6, 9, 4, 6, 12]
[7, 4, 7, 3, 7, 9, 7, 10, 7, 8, 7, 3, 3, 10, 8, 4, 7, 7, 8, 8, 7, 8, 9, 11, 4, 5, 4, 3, 2, 4, 12]
[8, 4, 7, 8, 8, 11, 9, 3, 8, 3, 5, 8, 11, 8, 5, 9, 9, 11, 3, 5, 8, 4, 10, 4, 7, 7, 7, 8, 3, 10, 4, 4, 6, 12]
[11, 5, 3, 6, 9, 10, 6, 5, 8, 4, 7, 8, 7, 5, 7, 11, 9, 9, 5, 7, 9, 5, 9, 4, 3, 7, 6, 8, 10, 6, 4, 6, 7, 5, 6, 6, 6, 4, 9, 7, 5, 9, 5, 9, 8, 5, 8, 6, 6, 7, 5, 7, 7, 2, 12]
[6, 4, 7, 11, 10, 7, 7, 4, 9, 9, 2, 10, 6, 8, 12]
[5, 10, 9, 6, 6, 6, 6, 9, 6, 5, 4, 5, 5, 6, 8, 7, 9, 8, 5, 8, 5, 7, 5, 9, 4, 10, 5, 4, 10, 3, 5, 5, 8, 8, 6, 8, 6, 9, 6, 8, 8, 4, 10, 11, 8, 9, 9, 5, 6, 7, 7, 4, 5, 11, 8, 12]
[8, 8, 6, 5, 11, 3, 11, 2, 4, 5, 3, 7, 8, 5, 7, 11, 2, 11, 3, 3, 8, 9, 7, 11, 11, 10, 11, 11, 7, 6, 7, 6, 10, 9, 5, 6, 6, 3, 7, 7, 6, 5, 9, 7, 8, 8, 7, 8, 6, 10, 5, 6, 7, 2, 9, 6, 8, 5, 5, 6, 2, 6, 11, 3, 5, 8, 10, 7, 10, 9, 7, 7, 9, 12]
